          16
           2           1           4           3           5           6           7           8          10           9          12          11          14          13          16          15          18          17          20          19
           1           2           3           4           5           6           7           8          10           9          12          11          14          13          16          15          17          18          19          20
           2           1           4           3           5           6           7           8           9          10          11          12          13          14          15          16          18          17          20          19
           1           2           3           4           5           6           7           8           9          10          11          12          13          14          15          16          17          18          19          20
           2           1           4           3           6           5           8           7          12          11           9          10          16          15          13          14          19          20          17          18
           1           2           3           4           6           5           8           7          11          12          10           9          15          16          14          13          20          19          18          17
           2           1           4           3           6           5           8           7          11          12          10           9          15          16          14          13          19          20          17          18
           1           2           3           4           6           5           8           7          12          11           9          10          16          15          13          14          20          19          18          17
           3           4           1           2           5           6           7           8           9          10          12          11          14          13          15          16          18          17          20          19
           4           3           2           1           5           6           7           8           9          10          12          11          14          13          15          16          17          18          19          20
           3           4           1           2           5           6           7           8          10           9          11          12          13          14          16          15          18          17          20          19
           4           3           2           1           5           6           7           8          10           9          11          12          13          14          16          15          17          18          19          20
           4           3           2           1           6           5           8           7          12          11          10           9          15          16          13          14          20          19          18          17
           3           4           1           2           6           5           8           7          12          11          10           9          15          16          13          14          19          20          17          18
           4           3           2           1           6           5           8           7          11          12           9          10          16          15          14          13          20          19          18          17
           3           4           1           2           6           5           8           7          11          12           9          10          16          15          14          13          19          20          17          18

Sym. op. :  1
   0.0   0.0   0.0 -1       - euler angles: a,b,c; iprop 
   1.0000000000000002       -0.0000000000000000       -0.0000000000000000     
  -0.0000000000000000        1.0000000000000002       -0.0000000000000000     
  -0.0000000000000000       -0.0000000000000000        1.0000000000000002     

Sym. op. :  2
 180.0   0.0   0.0  1       - euler angles: a,b,c; iprop 
  -1.0000000000000002        0.0000000000000000        0.0000000000000000     
   0.0000000000000000       -1.0000000000000002        0.0000000000000000     
  -1.2246467991473535E-016  -1.2246467991473535E-016   1.0000000000000002     

Sym. op. :  3
 180.0   0.0   0.0 -1       - euler angles: a,b,c; iprop 
  -1.0000000000000002       -0.0000000000000000       -0.0000000000000000     
  -0.0000000000000000       -1.0000000000000002       -0.0000000000000000     
  -1.2246467991473535E-016  -1.2246467991473535E-016   1.0000000000000002     

Sym. op. :  4
   0.0   0.0   0.0  1       - euler angles: a,b,c; iprop 
   1.0000000000000002        0.0000000000000000        0.0000000000000000     
   0.0000000000000000        1.0000000000000002        0.0000000000000000     
   0.0000000000000000        0.0000000000000000        1.0000000000000002     

Sym. op. :  5
  90.0   0.0   0.0  1       - euler angles: a,b,c; iprop 
  -6.1232339957367673E-017   1.0000000000000002        0.0000000000000000     
  -1.0000000000000002        6.1232339957367673E-017   0.0000000000000000     
  -1.2246467991473535E-016   0.0000000000000000        1.0000000000000002     

Sym. op. :  6
  90.0   0.0   0.0 -1       - euler angles: a,b,c; iprop 
  -6.1232339957367673E-017   1.0000000000000002       -0.0000000000000000     
  -1.0000000000000002        6.1232339957367673E-017  -0.0000000000000000     
  -1.2246467991473535E-016  -0.0000000000000000        1.0000000000000002     

Sym. op. :  7
 270.0   0.0   0.0  1       - euler angles: a,b,c; iprop 
   6.1232339957367673E-017  -1.0000000000000002        0.0000000000000000     
   1.0000000000000002       -6.1232339957367673E-017   0.0000000000000000     
   0.0000000000000000       -1.2246467991473535E-016   1.0000000000000002     

Sym. op. :  8
 270.0   0.0   0.0 -1       - euler angles: a,b,c; iprop 
   6.1232339957367673E-017  -1.0000000000000002       -0.0000000000000000     
   1.0000000000000002       -6.1232339957367673E-017  -0.0000000000000000     
  -0.0000000000000000       -1.2246467991473535E-016   1.0000000000000002     

Sym. op. :  9
   0.0 180.0 270.0  1       - euler angles: a,b,c; iprop 
   6.1232339957367673E-017  -1.0000000000000002        0.0000000000000000     
  -1.0000000000000002       -6.1232339957367673E-017   0.0000000000000000     
   0.0000000000000000        0.0000000000000000       -1.0000000000000002     

Sym. op. : 10
   0.0 180.0  90.0 -1       - euler angles: a,b,c; iprop 
  -6.1232339957367673E-017   1.0000000000000002       -0.0000000000000000     
   1.0000000000000002        6.1232339957367673E-017  -0.0000000000000000     
   1.2246467991473535E-016   1.2246467991473535E-016  -1.0000000000000002     

Sym. op. : 11
   0.0 180.0  90.0  1       - euler angles: a,b,c; iprop 
  -6.1232339957367673E-017   1.0000000000000002        0.0000000000000000     
   1.0000000000000002        6.1232339957367673E-017   0.0000000000000000     
   1.2246467991473535E-016   1.2246467991473535E-016  -1.0000000000000002     

Sym. op. : 12
   0.0 180.0 270.0 -1       - euler angles: a,b,c; iprop 
   6.1232339957367673E-017  -1.0000000000000002       -0.0000000000000000     
  -1.0000000000000002       -6.1232339957367673E-017  -0.0000000000000000     
  -0.0000000000000000       -0.0000000000000000       -1.0000000000000002     

Sym. op. : 13
   0.0 180.0 360.0  1       - euler angles: a,b,c; iprop 
  -1.0000000000000002        0.0000000000000000        0.0000000000000000     
  -1.2246467991473535E-016   1.0000000000000002        0.0000000000000000     
   0.0000000000000000        1.2246467991473535E-016  -1.0000000000000002     

Sym. op. : 14
   0.0 180.0 180.0 -1       - euler angles: a,b,c; iprop 
   1.0000000000000002       -0.0000000000000000       -0.0000000000000000     
   1.2246467991473535E-016  -1.0000000000000002       -0.0000000000000000     
   1.2246467991473535E-016  -0.0000000000000000       -1.0000000000000002     

Sym. op. : 15
   0.0 180.0 180.0  1       - euler angles: a,b,c; iprop 
   1.0000000000000002        0.0000000000000000        0.0000000000000000     
   1.2246467991473535E-016  -1.0000000000000002        0.0000000000000000     
   1.2246467991473535E-016   0.0000000000000000       -1.0000000000000002     

Sym. op. : 16
   0.0 180.0 360.0 -1       - euler angles: a,b,c; iprop 
  -1.0000000000000002       -0.0000000000000000       -0.0000000000000000     
  -1.2246467991473535E-016   1.0000000000000002       -0.0000000000000000     
  -0.0000000000000000        1.2246467991473535E-016  -1.0000000000000002     
 Global->local coordinates rotation matrices
           1
   1.0000000000000000        0.0000000000000000        0.0000000000000000     
   0.0000000000000000        1.0000000000000000        0.0000000000000000     
   0.0000000000000000        0.0000000000000000        1.0000000000000000     
   0.0   0.0   0.0  1       - euler angles: a,b,c; iprop 
           2
  0.70710678118654746       0.70710678118654746        0.0000000000000000     
 -0.70710678118654746       0.70710678118654746        0.0000000000000000     
   0.0000000000000000        0.0000000000000000        1.0000000000000000     
  45.0   0.0   0.0  1       - euler angles: a,b,c; iprop 
           3
   1.0000000000000000        0.0000000000000000        0.0000000000000000     
   0.0000000000000000        1.0000000000000000        0.0000000000000000     
   0.0000000000000000        0.0000000000000000        1.0000000000000000     
   0.0   0.0   0.0  1       - euler angles: a,b,c; iprop 
           4
   0.0000000000000000       0.70710678118654746      -0.70710678118654746     
   0.0000000000000000       0.70710678118654746       0.70710678118654746     
   1.0000000000000000        0.0000000000000000        0.0000000000000000     
   0.0  90.0  45.0  1       - euler angles: a,b,c; iprop 
           5
   0.0000000000000000      -0.70710678118654746       0.70710678118654746     
   0.0000000000000000       0.70710678118654746       0.70710678118654746     
  -1.0000000000000000        0.0000000000000000        0.0000000000000000     
 180.0  90.0 135.0  1       - euler angles: a,b,c; iprop 
           6
  0.70710678118654746       0.70710678118654746        0.0000000000000000     
 -0.70710678118654746       0.70710678118654746        0.0000000000000000     
   0.0000000000000000        0.0000000000000000        1.0000000000000000     
  45.0   0.0   0.0  1       - euler angles: a,b,c; iprop 
