
 -----INTERACTION: Re0_0 - Re0_0

Shell=0

Coor_num = 4

Monopole-Monopole interactions

Monopole-Dipole interactions

Monopole-Quadrupole interactions

Monopole-Octupole interactions

Dipole-Monopole interactions

Dipole-Dipole interactions

 R = [-10.79707 -0.00000 -0.00000]
 T = [-10.79707 -0.00000 -0.00000]

              y         z         x     
    y       -2.012    -0.000    0.000   
    z       -0.000    1.056     -0.000  
    x       -0.000    -0.000    0.714   

 R = [0.00000 -10.79707 -0.00000]
 T = [0.00000 -10.79707 -0.00000]

              y         z         x     
    y       0.714     -0.000    -0.000  
    z       -0.000    1.056     -0.000  
    x       0.000     -0.000    -2.012  

 R = [0.00000 10.79707 0.00000]
 T = [0.00000 10.79707 0.00000]

              y         z         x     
    y       0.714     -0.000    0.000   
    z       -0.000    1.056     -0.000  
    x       -0.000    -0.000    -2.012  

 R = [10.79707 0.00000 0.00000]
 T = [10.79707 0.00000 0.00000]

              y         z         x     
    y       -2.012    -0.000    -0.000  
    z       -0.000    1.056     -0.000  
    x       0.000     -0.000    0.714   

Dipole-Quadrupole interactions

Dipole-Octupole interactions

 R = [-10.79707 -0.00000 -0.00000]
 T = [-10.79707 -0.00000 -0.00000]

          y(x2-3y2)    xyz       yz2        z3       xz2     z(x2-y2) x(3x2-y2) 
    y       -0.543    0.000     -2.147    -0.000    0.000     -0.000    -0.000  
    z       0.000     -0.000    -0.000    -0.290    -0.000    -0.885    0.000   
    x       0.000     -0.000    0.000     -0.000    -2.760    0.000     -0.289  

 R = [0.00000 -10.79707 -0.00000]
 T = [0.00000 -10.79707 -0.00000]

          y(x2-3y2)    xyz       yz2        z3       xz2     z(x2-y2) x(3x2-y2) 
    y       0.289     -0.000    -2.760    -0.000    0.000     -0.000    -0.000  
    z       -0.000    -0.000    -0.000    -0.290    -0.000    0.885     -0.000  
    x       0.000     0.000     0.000     -0.000    -2.147    0.000     0.543   

 R = [0.00000 10.79707 0.00000]
 T = [0.00000 10.79707 0.00000]

          y(x2-3y2)    xyz       yz2        z3       xz2     z(x2-y2) x(3x2-y2) 
    y       0.289     -0.000    -2.760    -0.000    0.000     -0.000    -0.000  
    z       0.000     -0.000    -0.000    -0.290    -0.000    0.885     0.000   
    x       0.000     -0.000    0.000     -0.000    -2.147    0.000     0.543   

 R = [10.79707 0.00000 0.00000]
 T = [10.79707 0.00000 0.00000]

          y(x2-3y2)    xyz       yz2        z3       xz2     z(x2-y2) x(3x2-y2) 
    y       -0.543    -0.000    -2.147    -0.000    0.000     -0.000    -0.000  
    z       -0.000    -0.000    -0.000    -0.290    -0.000    -0.885    -0.000  
    x       0.000     -0.000    0.000     -0.000    -2.760    0.000     -0.289  

Quadrupole-Monopole interactions

Quadrupole-Dipole interactions

Quadrupole-Quadrupole interactions

 R = [-10.79707 -0.00000 -0.00000]
 T = [-10.79707 -0.00000 -0.00000]

              xy        yz        z2        xz      x2-y2   
    xy      -2.513    0.000     -0.000    -0.000    0.000   
    yz      -0.000    -2.621    -0.000    -0.000    0.000   
    z2      -0.000    -0.000    2.793     -0.000    -1.617  
    xz      -0.000    -0.000    -0.000    -2.985    0.000   
  x2-y2     0.000     0.000     -1.617    0.000     -1.968  

 R = [0.00000 -10.79707 -0.00000]
 T = [0.00000 -10.79707 -0.00000]

              xy        yz        z2        xz      x2-y2   
    xy      -2.513    -0.000    -0.000    0.000     -0.000  
    yz      0.000     -2.985    -0.000    -0.000    -0.000  
    z2      -0.000    -0.000    2.793     -0.000    1.617   
    xz      -0.000    -0.000    -0.000    -2.621    -0.000  
  x2-y2     -0.000    -0.000    1.617     -0.000    -1.968  

 R = [0.00000 10.79707 0.00000]
 T = [0.00000 10.79707 0.00000]

              xy        yz        z2        xz      x2-y2   
    xy      -2.513    0.000     -0.000    -0.000    -0.000  
    yz      -0.000    -2.985    -0.000    -0.000    -0.000  
    z2      -0.000    -0.000    2.793     -0.000    1.617   
    xz      0.000     -0.000    -0.000    -2.621    -0.000  
  x2-y2     -0.000    -0.000    1.617     -0.000    -1.968  

 R = [10.79707 0.00000 0.00000]
 T = [10.79707 0.00000 0.00000]

              xy        yz        z2        xz      x2-y2   
    xy      -2.513    -0.000    -0.000    -0.000    0.000   
    yz      0.000     -2.621    -0.000    -0.000    0.000   
    z2      -0.000    -0.000    2.793     -0.000    -1.617  
    xz      -0.000    -0.000    -0.000    -2.985    0.000   
  x2-y2     0.000     0.000     -1.617    0.000     -1.968  

Quadrupole-Octupole interactions

Octupole-Monopole interactions

Octupole-Dipole interactions

 R = [-10.79707 -0.00000 -0.00000]
 T = [-10.79707 -0.00000 -0.00000]

              y         z         x     
y(x2-3y2)   -0.543    -0.000    0.000   
   xyz      -0.000    -0.000    -0.000  
   yz2      -2.147    -0.000    0.000   
    z3      -0.000    -0.290    -0.000  
   xz2      0.000     -0.000    -2.760  
 z(x2-y2)   -0.000    -0.885    0.000   
x(3x2-y2)   -0.000    -0.000    -0.289  

 R = [0.00000 -10.79707 -0.00000]
 T = [0.00000 -10.79707 -0.00000]

              y         z         x     
y(x2-3y2)   0.289     0.000     0.000   
   xyz      -0.000    -0.000    -0.000  
   yz2      -2.760    -0.000    0.000   
    z3      -0.000    -0.290    -0.000  
   xz2      0.000     -0.000    -2.147  
 z(x2-y2)   -0.000    0.885     0.000   
x(3x2-y2)   -0.000    0.000     0.543   

 R = [0.00000 10.79707 0.00000]
 T = [0.00000 10.79707 0.00000]

              y         z         x     
y(x2-3y2)   0.289     -0.000    0.000   
   xyz      -0.000    -0.000    0.000   
   yz2      -2.760    -0.000    0.000   
    z3      -0.000    -0.290    -0.000  
   xz2      0.000     -0.000    -2.147  
 z(x2-y2)   -0.000    0.885     0.000   
x(3x2-y2)   -0.000    -0.000    0.543   

 R = [10.79707 0.00000 0.00000]
 T = [10.79707 0.00000 0.00000]

              y         z         x     
y(x2-3y2)   -0.543    0.000     0.000   
   xyz      0.000     -0.000    -0.000  
   yz2      -2.147    -0.000    0.000   
    z3      -0.000    -0.290    -0.000  
   xz2      0.000     -0.000    -2.760  
 z(x2-y2)   -0.000    -0.885    0.000   
x(3x2-y2)   -0.000    0.000     -0.289  

Octupole-Quadrupole interactions

Octupole-Octupole interactions

 R = [-10.79707 -0.00000 -0.00000]
 T = [-10.79707 -0.00000 -0.00000]

          y(x2-3y2)    xyz       yz2        z3       xz2     z(x2-y2) x(3x2-y2) 
y(x2-3y2)   1.200     -0.000    -0.300    -0.000    0.000     0.000     -0.000  
   xyz      -0.000    -2.259    0.000     0.000     0.000     0.000     0.000   
   yz2      -0.300    0.000     2.423     -0.000    0.000     0.000     -0.000  
    z3      -0.000    0.000     -0.000    3.338     -0.000    0.856     -0.000  
   xz2      0.000     0.000     0.000     -0.000    0.213     -0.000    -0.556  
 z(x2-y2)   0.000     0.000     0.000     0.856     -0.000    -1.923    0.000   
x(3x2-y2)   0.000     0.000     -0.000    -0.000    -0.556    0.000     1.205   

 R = [0.00000 -10.79707 -0.00000]
 T = [0.00000 -10.79707 -0.00000]

          y(x2-3y2)    xyz       yz2        z3       xz2     z(x2-y2) x(3x2-y2) 
y(x2-3y2)   1.205     -0.000    0.556     0.000     0.000     0.000     0.000   
   xyz      -0.000    -2.259    0.000     0.000     0.000     -0.000    0.000   
   yz2      0.556     0.000     0.213     -0.000    0.000     0.000     -0.000  
    z3      0.000     0.000     -0.000    3.338     -0.000    -0.856    0.000   
   xz2      0.000     0.000     0.000     -0.000    2.423     -0.000    0.300   
 z(x2-y2)   0.000     -0.000    0.000     -0.856    -0.000    -1.923    0.000   
x(3x2-y2)   -0.000    0.000     -0.000    0.000     0.300     0.000     1.200   

 R = [0.00000 10.79707 0.00000]
 T = [0.00000 10.79707 0.00000]

          y(x2-3y2)    xyz       yz2        z3       xz2     z(x2-y2) x(3x2-y2) 
y(x2-3y2)   1.205     -0.000    0.556     0.000     0.000     0.000     -0.000  
   xyz      -0.000    -2.259    0.000     0.000     0.000     -0.000    0.000   
   yz2      0.556     0.000     0.213     -0.000    0.000     0.000     -0.000  
    z3      0.000     0.000     -0.000    3.338     -0.000    -0.856    0.000   
   xz2      0.000     0.000     0.000     -0.000    2.423     -0.000    0.300   
 z(x2-y2)   0.000     -0.000    0.000     -0.856    -0.000    -1.923    0.000   
x(3x2-y2)   0.000     0.000     -0.000    0.000     0.300     0.000     1.200   

 R = [10.79707 0.00000 0.00000]
 T = [10.79707 0.00000 0.00000]

          y(x2-3y2)    xyz       yz2        z3       xz2     z(x2-y2) x(3x2-y2) 
y(x2-3y2)   1.200     -0.000    -0.300    -0.000    0.000     0.000     0.000   
   xyz      -0.000    -2.259    0.000     0.000     0.000     0.000     0.000   
   yz2      -0.300    0.000     2.423     -0.000    0.000     0.000     -0.000  
    z3      -0.000    0.000     -0.000    3.338     -0.000    0.856     -0.000  
   xz2      0.000     0.000     0.000     -0.000    0.213     -0.000    -0.556  
 z(x2-y2)   0.000     0.000     0.000     0.856     -0.000    -1.923    0.000   
x(3x2-y2)   -0.000    0.000     -0.000    -0.000    -0.556    0.000     1.205   

 -----INTERACTION: Re0_0 - Re1_0

Shell=0

Coor_num = 8

Monopole-Monopole interactions

Monopole-Dipole interactions

Monopole-Quadrupole interactions

Monopole-Octupole interactions

Dipole-Monopole interactions

Dipole-Dipole interactions

 R = [-5.39853 -5.39853 7.63468]
 T = [-10.79707 -10.79707 0.00000]

              y         z         x     
    y       0.210     -0.951    -0.868  
    z       -0.951    -0.680    -0.951  
    x       -0.868    -0.951    0.210   

 R = [-5.39853 5.39853 -7.63468]
 T = [-10.79707 0.00000 -15.26936]

              y         z         x     
    y       0.210     -0.951    0.868   
    z       -0.951    -0.680    0.951   
    x       0.868     0.951     0.210   

 R = [-5.39853 5.39853 7.63468]
 T = [-10.79707 0.00000 0.00000]

              y         z         x     
    y       0.210     0.951     0.868   
    z       0.951     -0.680    -0.951  
    x       0.868     -0.951    0.210   

 R = [5.39853 -5.39853 -7.63468]
 T = [0.00000 -10.79707 -15.26936]

              y         z         x     
    y       0.210     0.951     0.868   
    z       0.951     -0.680    -0.951  
    x       0.868     -0.951    0.210   

 R = [5.39853 -5.39853 7.63468]
 T = [0.00000 -10.79707 0.00000]

              y         z         x     
    y       0.210     -0.951    0.868   
    z       -0.951    -0.680    0.951   
    x       0.868     0.951     0.210   

 R = [5.39853 5.39853 -7.63468]
 T = [0.00000 0.00000 -15.26936]

              y         z         x     
    y       0.210     -0.951    -0.868  
    z       -0.951    -0.680    -0.951  
    x       -0.868    -0.951    0.210   

 R = [5.39853 5.39853 7.63468]
 T = [0.00000 0.00000 0.00000]

              y         z         x     
    y       0.210     0.951     -0.868  
    z       0.951     -0.680    0.951   
    x       -0.868    0.951     0.210   

 R = [-5.39853 -5.39853 -7.63468]
 T = [-10.79707 -10.79707 -15.26936]

              y         z         x     
    y       0.210     0.951     -0.868  
    z       0.951     -0.680    0.951   
    x       -0.868    0.951     0.210   

Dipole-Quadrupole interactions

Dipole-Octupole interactions

 R = [-5.39853 -5.39853 7.63468]
 T = [-10.79707 -10.79707 0.00000]

          y(x2-3y2)    xyz       yz2        z3       xz2     z(x2-y2) x(3x2-y2) 
    y       1.060     -0.011    0.460     -0.359    0.283     -0.624    -1.261  
    z       -0.281    -1.981    0.238     1.393     0.238     -0.000    0.281   
    x       1.261     -0.011    0.283     -0.359    0.460     0.624     -1.060  

 R = [-5.39853 5.39853 -7.63468]
 T = [-10.79707 0.00000 -15.26936]

          y(x2-3y2)    xyz       yz2        z3       xz2     z(x2-y2) x(3x2-y2) 
    y       1.060     0.011     0.460     -0.359    -0.283    -0.624    1.261   
    z       -0.281    1.981     0.238     1.393     -0.238    -0.000    -0.281  
    x       -1.261    -0.011    -0.283    0.359     0.460     -0.624    -1.060  

 R = [-5.39853 5.39853 7.63468]
 T = [-10.79707 0.00000 0.00000]

          y(x2-3y2)    xyz       yz2        z3       xz2     z(x2-y2) x(3x2-y2) 
    y       1.060     -0.011    0.460     0.359     -0.283    0.624     1.261   
    z       0.281     1.981     -0.238    1.393     0.238     -0.000    0.281   
    x       -1.261    0.011     -0.283    -0.359    0.460     0.624     -1.060  

 R = [5.39853 -5.39853 -7.63468]
 T = [0.00000 -10.79707 -15.26936]

          y(x2-3y2)    xyz       yz2        z3       xz2     z(x2-y2) x(3x2-y2) 
    y       1.060     -0.011    0.460     0.359     -0.283    0.624     1.261   
    z       0.281     1.981     -0.238    1.393     0.238     -0.000    0.281   
    x       -1.261    0.011     -0.283    -0.359    0.460     0.624     -1.060  

 R = [5.39853 -5.39853 7.63468]
 T = [0.00000 -10.79707 0.00000]

          y(x2-3y2)    xyz       yz2        z3       xz2     z(x2-y2) x(3x2-y2) 
    y       1.060     0.011     0.460     -0.359    -0.283    -0.624    1.261   
    z       -0.281    1.981     0.238     1.393     -0.238    -0.000    -0.281  
    x       -1.261    -0.011    -0.283    0.359     0.460     -0.624    -1.060  

 R = [5.39853 5.39853 -7.63468]
 T = [0.00000 0.00000 -15.26936]

          y(x2-3y2)    xyz       yz2        z3       xz2     z(x2-y2) x(3x2-y2) 
    y       1.060     -0.011    0.460     -0.359    0.283     -0.624    -1.261  
    z       -0.281    -1.981    0.238     1.393     0.238     -0.000    0.281   
    x       1.261     -0.011    0.283     -0.359    0.460     0.624     -1.060  

 R = [5.39853 5.39853 7.63468]
 T = [0.00000 0.00000 0.00000]

          y(x2-3y2)    xyz       yz2        z3       xz2     z(x2-y2) x(3x2-y2) 
    y       1.060     0.011     0.460     0.359     0.283     0.624     -1.261  
    z       0.281     -1.981    -0.238    1.393     -0.238    -0.000    -0.281  
    x       1.261     0.011     0.283     0.359     0.460     -0.624    -1.060  

 R = [-5.39853 -5.39853 -7.63468]
 T = [-10.79707 -10.79707 -15.26936]

          y(x2-3y2)    xyz       yz2        z3       xz2     z(x2-y2) x(3x2-y2) 
    y       1.060     0.011     0.460     0.359     0.283     0.624     -1.261  
    z       0.281     -1.981    -0.238    1.393     -0.238    -0.000    -0.281  
    x       1.261     0.011     0.283     0.359     0.460     -0.624    -1.060  

Quadrupole-Monopole interactions

Quadrupole-Dipole interactions

Quadrupole-Quadrupole interactions

 R = [-5.39853 -5.39853 7.63468]
 T = [-10.79707 -10.79707 0.00000]

              xy        yz        z2        xz      x2-y2   
    xy      1.473     0.986     -2.266    0.986     -0.000  
    yz      0.986     -2.389    -0.561    0.416     -0.129  
    z2      -2.266    -0.561    -1.221    -0.561    -0.000  
    xz      0.986     0.416     -0.561    -2.389    0.129   
  x2-y2     -0.000    -0.129    0.000     0.129     -2.803  

 R = [-5.39853 5.39853 -7.63468]
 T = [-10.79707 0.00000 -15.26936]

              xy        yz        z2        xz      x2-y2   
    xy      1.473     -0.986    2.266     0.986     0.000   
    yz      -0.986    -2.389    -0.561    -0.416    -0.129  
    z2      2.266     -0.561    -1.221    0.561     -0.000  
    xz      0.986     -0.416    0.561     -2.389    -0.129  
  x2-y2     0.000     -0.129    0.000     -0.129    -2.803  

 R = [-5.39853 5.39853 7.63468]
 T = [-10.79707 0.00000 0.00000]

              xy        yz        z2        xz      x2-y2   
    xy      1.473     0.986     2.266     -0.986    0.000   
    yz      0.986     -2.389    0.561     -0.416    0.129   
    z2      2.266     0.561     -1.221    -0.561    -0.000  
    xz      -0.986    -0.416    -0.561    -2.389    0.129   
  x2-y2     0.000     0.129     0.000     0.129     -2.803  

 R = [5.39853 -5.39853 -7.63468]
 T = [0.00000 -10.79707 -15.26936]

              xy        yz        z2        xz      x2-y2   
    xy      1.473     0.986     2.266     -0.986    0.000   
    yz      0.986     -2.389    0.561     -0.416    0.129   
    z2      2.266     0.561     -1.221    -0.561    -0.000  
    xz      -0.986    -0.416    -0.561    -2.389    0.129   
  x2-y2     0.000     0.129     0.000     0.129     -2.803  

 R = [5.39853 -5.39853 7.63468]
 T = [0.00000 -10.79707 0.00000]

              xy        yz        z2        xz      x2-y2   
    xy      1.473     -0.986    2.266     0.986     0.000   
    yz      -0.986    -2.389    -0.561    -0.416    -0.129  
    z2      2.266     -0.561    -1.221    0.561     -0.000  
    xz      0.986     -0.416    0.561     -2.389    -0.129  
  x2-y2     0.000     -0.129    0.000     -0.129    -2.803  

 R = [5.39853 5.39853 -7.63468]
 T = [0.00000 0.00000 -15.26936]

              xy        yz        z2        xz      x2-y2   
    xy      1.473     0.986     -2.266    0.986     0.000   
    yz      0.986     -2.389    -0.561    0.416     -0.129  
    z2      -2.266    -0.561    -1.221    -0.561    -0.000  
    xz      0.986     0.416     -0.561    -2.389    0.129   
  x2-y2     -0.000    -0.129    0.000     0.129     -2.803  

 R = [5.39853 5.39853 7.63468]
 T = [0.00000 0.00000 0.00000]

              xy        yz        z2        xz      x2-y2   
    xy      1.473     -0.986    -2.266    -0.986    -0.000  
    yz      -0.986    -2.389    0.561     0.416     0.129   
    z2      -2.266    0.561     -1.221    0.561     -0.000  
    xz      -0.986    0.416     0.561     -2.389    -0.129  
  x2-y2     -0.000    0.129     0.000     -0.129    -2.803  

 R = [-5.39853 -5.39853 -7.63468]
 T = [-10.79707 -10.79707 -15.26936]

              xy        yz        z2        xz      x2-y2   
    xy      1.473     -0.986    -2.266    -0.986    -0.000  
    yz      -0.986    -2.389    0.561     0.416     0.129   
    z2      -2.266    0.561     -1.221    0.561     -0.000  
    xz      -0.986    0.416     0.561     -2.389    -0.129  
  x2-y2     -0.000    0.129     0.000     -0.129    -2.803  

Quadrupole-Octupole interactions

Octupole-Monopole interactions

Octupole-Dipole interactions

 R = [-5.39853 -5.39853 7.63468]
 T = [-10.79707 -10.79707 0.00000]

              y         z         x     
y(x2-3y2)   1.060     -0.281    1.261   
   xyz      -0.011    -1.981    -0.011  
   yz2      0.460     0.238     0.283   
    z3      -0.359    1.393     -0.359  
   xz2      0.283     0.238     0.460   
 z(x2-y2)   -0.624    0.000     0.624   
x(3x2-y2)   -1.261    0.281     -1.060  

 R = [-5.39853 5.39853 -7.63468]
 T = [-10.79707 0.00000 -15.26936]

              y         z         x     
y(x2-3y2)   1.060     -0.281    -1.261  
   xyz      0.011     1.981     -0.011  
   yz2      0.460     0.238     -0.283  
    z3      -0.359    1.393     0.359   
   xz2      -0.283    -0.238    0.460   
 z(x2-y2)   -0.624    0.000     -0.624  
x(3x2-y2)   1.261     -0.281    -1.060  

 R = [-5.39853 5.39853 7.63468]
 T = [-10.79707 0.00000 0.00000]

              y         z         x     
y(x2-3y2)   1.060     0.281     -1.261  
   xyz      -0.011    1.981     0.011   
   yz2      0.460     -0.238    -0.283  
    z3      0.359     1.393     -0.359  
   xz2      -0.283    0.238     0.460   
 z(x2-y2)   0.624     0.000     0.624   
x(3x2-y2)   1.261     0.281     -1.060  

 R = [5.39853 -5.39853 -7.63468]
 T = [0.00000 -10.79707 -15.26936]

              y         z         x     
y(x2-3y2)   1.060     0.281     -1.261  
   xyz      -0.011    1.981     0.011   
   yz2      0.460     -0.238    -0.283  
    z3      0.359     1.393     -0.359  
   xz2      -0.283    0.238     0.460   
 z(x2-y2)   0.624     0.000     0.624   
x(3x2-y2)   1.261     0.281     -1.060  

 R = [5.39853 -5.39853 7.63468]
 T = [0.00000 -10.79707 0.00000]

              y         z         x     
y(x2-3y2)   1.060     -0.281    -1.261  
   xyz      0.011     1.981     -0.011  
   yz2      0.460     0.238     -0.283  
    z3      -0.359    1.393     0.359   
   xz2      -0.283    -0.238    0.460   
 z(x2-y2)   -0.624    0.000     -0.624  
x(3x2-y2)   1.261     -0.281    -1.060  

 R = [5.39853 5.39853 -7.63468]
 T = [0.00000 0.00000 -15.26936]

              y         z         x     
y(x2-3y2)   1.060     -0.281    1.261   
   xyz      -0.011    -1.981    -0.011  
   yz2      0.460     0.238     0.283   
    z3      -0.359    1.393     -0.359  
   xz2      0.283     0.238     0.460   
 z(x2-y2)   -0.624    0.000     0.624   
x(3x2-y2)   -1.261    0.281     -1.060  

 R = [5.39853 5.39853 7.63468]
 T = [0.00000 0.00000 0.00000]

              y         z         x     
y(x2-3y2)   1.060     0.281     1.261   
   xyz      0.011     -1.981    0.011   
   yz2      0.460     -0.238    0.283   
    z3      0.359     1.393     0.359   
   xz2      0.283     -0.238    0.460   
 z(x2-y2)   0.624     0.000     -0.624  
x(3x2-y2)   -1.261    -0.281    -1.060  

 R = [-5.39853 -5.39853 -7.63468]
 T = [-10.79707 -10.79707 -15.26936]

              y         z         x     
y(x2-3y2)   1.060     0.281     1.261   
   xyz      0.011     -1.981    0.011   
   yz2      0.460     -0.238    0.283   
    z3      0.359     1.393     0.359   
   xz2      0.283     -0.238    0.460   
 z(x2-y2)   0.624     0.000     -0.624  
x(3x2-y2)   -1.261    -0.281    -1.060  

Octupole-Quadrupole interactions

Octupole-Octupole interactions

 R = [-5.39853 -5.39853 7.63468]
 T = [-10.79707 -10.79707 0.00000]

          y(x2-3y2)    xyz       yz2        z3       xz2     z(x2-y2) x(3x2-y2) 
y(x2-3y2)   1.182     -0.465    -1.287    0.738     1.392     0.465     -0.004  
   xyz      -0.465    1.401     0.127     0.006     0.127     -0.000    0.465   
   yz2      -1.287    0.127     0.558     0.002     0.729     -0.366    -1.392  
    z3      0.738     0.006     0.002     1.119     0.002     -0.000    -0.738  
   xz2      1.392     0.127     0.729     0.002     0.558     0.366     1.287   
 z(x2-y2)   0.465     -0.000    -0.366    0.000     0.366     -1.927    0.465   
x(3x2-y2)   -0.004    0.465     -1.392    -0.738    1.287     0.465     1.182   

 R = [-5.39853 5.39853 -7.63468]
 T = [-10.79707 0.00000 -15.26936]

          y(x2-3y2)    xyz       yz2        z3       xz2     z(x2-y2) x(3x2-y2) 
y(x2-3y2)   1.182     0.465     -1.287    0.738     -1.392    0.465     0.004   
   xyz      0.465     1.401     -0.127    -0.006    0.127     0.000     0.465   
   yz2      -1.287    -0.127    0.558     0.002     -0.729    -0.366    1.392   
    z3      0.738     -0.006    0.002     1.119     -0.002    -0.000    0.738   
   xz2      -1.392    0.127     -0.729    -0.002    0.558     -0.366    1.287   
 z(x2-y2)   0.465     0.000     -0.366    0.000     -0.366    -1.927    -0.465  
x(3x2-y2)   0.004     0.465     1.392     0.738     1.287     -0.465    1.182   

 R = [-5.39853 5.39853 7.63468]
 T = [-10.79707 0.00000 0.00000]

          y(x2-3y2)    xyz       yz2        z3       xz2     z(x2-y2) x(3x2-y2) 
y(x2-3y2)   1.182     -0.465    -1.287    -0.738    -1.392    -0.465    0.004   
   xyz      -0.465    1.401     0.127     -0.006    -0.127    -0.000    -0.465  
   yz2      -1.287    0.127     0.558     -0.002    -0.729    0.366     1.392   
    z3      -0.738    -0.006    -0.002    1.119     0.002     -0.000    -0.738  
   xz2      -1.392    -0.127    -0.729    0.002     0.558     0.366     1.287   
 z(x2-y2)   -0.465    0.000     0.366     0.000     0.366     -1.927    0.465   
x(3x2-y2)   0.004     -0.465    1.392     -0.738    1.287     0.465     1.182   

 R = [5.39853 -5.39853 -7.63468]
 T = [0.00000 -10.79707 -15.26936]

          y(x2-3y2)    xyz       yz2        z3       xz2     z(x2-y2) x(3x2-y2) 
y(x2-3y2)   1.182     -0.465    -1.287    -0.738    -1.392    -0.465    0.004   
   xyz      -0.465    1.401     0.127     -0.006    -0.127    -0.000    -0.465  
   yz2      -1.287    0.127     0.558     -0.002    -0.729    0.366     1.392   
    z3      -0.738    -0.006    -0.002    1.119     0.002     -0.000    -0.738  
   xz2      -1.392    -0.127    -0.729    0.002     0.558     0.366     1.287   
 z(x2-y2)   -0.465    0.000     0.366     0.000     0.366     -1.927    0.465   
x(3x2-y2)   0.004     -0.465    1.392     -0.738    1.287     0.465     1.182   

 R = [5.39853 -5.39853 7.63468]
 T = [0.00000 -10.79707 0.00000]

          y(x2-3y2)    xyz       yz2        z3       xz2     z(x2-y2) x(3x2-y2) 
y(x2-3y2)   1.182     0.465     -1.287    0.738     -1.392    0.465     0.004   
   xyz      0.465     1.401     -0.127    -0.006    0.127     0.000     0.465   
   yz2      -1.287    -0.127    0.558     0.002     -0.729    -0.366    1.392   
    z3      0.738     -0.006    0.002     1.119     -0.002    -0.000    0.738   
   xz2      -1.392    0.127     -0.729    -0.002    0.558     -0.366    1.287   
 z(x2-y2)   0.465     0.000     -0.366    0.000     -0.366    -1.927    -0.465  
x(3x2-y2)   0.004     0.465     1.392     0.738     1.287     -0.465    1.182   

 R = [5.39853 5.39853 -7.63468]
 T = [0.00000 0.00000 -15.26936]

          y(x2-3y2)    xyz       yz2        z3       xz2     z(x2-y2) x(3x2-y2) 
y(x2-3y2)   1.182     -0.465    -1.287    0.738     1.392     0.465     -0.004  
   xyz      -0.465    1.401     0.127     0.006     0.127     -0.000    0.465   
   yz2      -1.287    0.127     0.558     0.002     0.729     -0.366    -1.392  
    z3      0.738     0.006     0.002     1.119     0.002     -0.000    -0.738  
   xz2      1.392     0.127     0.729     0.002     0.558     0.366     1.287   
 z(x2-y2)   0.465     -0.000    -0.366    0.000     0.366     -1.927    0.465   
x(3x2-y2)   -0.004    0.465     -1.392    -0.738    1.287     0.465     1.182   

 R = [5.39853 5.39853 7.63468]
 T = [0.00000 0.00000 0.00000]

          y(x2-3y2)    xyz       yz2        z3       xz2     z(x2-y2) x(3x2-y2) 
y(x2-3y2)   1.182     0.465     -1.287    -0.738    1.392     -0.465    -0.004  
   xyz      0.465     1.401     -0.127    0.006     -0.127    -0.000    -0.465  
   yz2      -1.287    -0.127    0.558     -0.002    0.729     0.366     -1.392  
    z3      -0.738    0.006     -0.002    1.119     -0.002    -0.000    0.738   
   xz2      1.392     -0.127    0.729     -0.002    0.558     -0.366    1.287   
 z(x2-y2)   -0.465    -0.000    0.366     0.000     -0.366    -1.927    -0.465  
x(3x2-y2)   -0.004    -0.465    -1.392    0.738     1.287     -0.465    1.182   

 R = [-5.39853 -5.39853 -7.63468]
 T = [-10.79707 -10.79707 -15.26936]

          y(x2-3y2)    xyz       yz2        z3       xz2     z(x2-y2) x(3x2-y2) 
y(x2-3y2)   1.182     0.465     -1.287    -0.738    1.392     -0.465    -0.004  
   xyz      0.465     1.401     -0.127    0.006     -0.127    -0.000    -0.465  
   yz2      -1.287    -0.127    0.558     -0.002    0.729     0.366     -1.392  
    z3      -0.738    0.006     -0.002    1.119     -0.002    -0.000    0.738   
   xz2      1.392     -0.127    0.729     -0.002    0.558     -0.366    1.287   
 z(x2-y2)   -0.465    -0.000    0.366     0.000     -0.366    -1.927    -0.465  
x(3x2-y2)   -0.004    -0.465    -1.392    0.738     1.287     -0.465    1.182   
